[
54.4020004272,
175.3809967041
]
,
[
298.6530151367,
189.3569946289
]
,
[
56.6119995117,
175.9819946289
]
,
[
283.3739929199,
204.2189941406
]
,
[
65.2620010376,
176.2270050049
]
,
[
264.4719848633,
224.3320007324
]
,
[
68.9710006714,
177.4149932861
]
,
[
252.2129974365,
256.2650146484
]
,
[
68.9710006714,
191.1280059814
]
,
[
240.3350067139,
287.5620117188
]
,
[
71.1900024414,
192.1900024414
]
,
[
220.06300354,
299.1279907227
]
,
[
71.8359985352,
175.5070037842
]
,
[
199.4440002441,
299.6340026855
]
,
[
69.0159988403,
173.8609924316
]
,
[
190.7969970703,
286.4700012207
]
,
[
78.7050018311,
175.5070037842
]
,
[
184.0780029297,
299.6340026855
]
,
[
86.2659988403,
81.4639968872
]
,
[
187.7019958496,
298.9869995117
]
,
[
111.43699646,
82.4990005493
]
,
[
184.0189971924,
285.5379943848
]
,
[
140.9010009766,
81.4639968872
]
,
[
186.3869934082,
298.9869995117
]
,
[
163.7819976807,
54.4020004272
]
,
[
191.1970062256,
298.6530151367
]
 [
117.3720016479,
225.296005249
]
,
[
213.0090026855,
130.2469940186
]
,
[
114.9000015259,
217.9700012207
]
,
[
217.3309936523,
124.6370010376
]
,
[
116.2710037231,
211.6300048828
]
,
[
225.2310028076,
117.3720016479
]
,
[
128.18699646,
213.0090026855
]
 [
123.2470016479,
222.5480041504
]
,
[
220.7870025635,
122.8799972534
]
,
[
123.1620025635,
224.5610046387
]
,
[
221.2599945068,
122.4779968262
]
,
[
123.0009994507,
226.1309967041
]
 [
162.341003418,
164.1479949951
]
,
[
206.0709991455,
205.9120025635
]
,
[
162.1799926758,
163.1439971924
]
,
[
207.43800354,
205.5989990234
]
,
[
164.2559967041,
162.341003418
]
,
[
207.4179992676,
206.0709991455
]
 [
162.341003418,
164.1479949951
]
,
[
206.0709991455,
205.9120025635
]
,
[
162.1799926758,
163.1439971924
]
,
[
207.43800354,
205.5989990234
]
,
[
164.2559967041,
162.341003418
]
,
[
207.4179992676,
206.0709991455
]
 [
119.0319976807,
127.0329971313
]
,
[
215.4640045166,
219.6340026855
]
,
[
117.96900177,
125.4440002441
]
,
[
218.9649963379,
215.3079986572
]
,
[
120.7470016479,
119.0319976807
]
,
[
220.4550018311,
215.4640045166
]
 [
338.1390075684,
246.7619934082
]
,
[
240.5559997559,
387.0429992676
]
,
[
338.2070007324,
245.1320037842
]
,
[
237.3350067139,
394.5490112305
]
,
[
338.0610046387,
242.6100006104
]
,
[
225.4989929199,
395.8959960938
]
,
[
340.5239868164,
245.7519989014
]
,
[
215.0690002441,
394.8859863281
]
,
[
349.1730041504,
250.6909942627
]
,
[
214.0240020752,
384.9939880371
]
,
[
352.7980041504,
261.8869934082
]
,
[
217.5809936523,
373.3590087891
]
,
[
353.6960144043,
267.1019897461
]
,
[
224.2030029297,
360.766998291
]
,
[
354.2569885254,
267.75
]
,
[
230.0390014648,
354.7059936523
]
,
[
357.3200073242,
266.2909851074
]
,
[
240.6190032959,
344.9599914551
]
,
[
361.1350097656,
259.799987793
]
,
[
243.9570007324,
339.7789916992
]
,
[
367.6130065918,
250.9149932861
]
,
[
246.31300354,
338.1390075684
]
,
[
373.6740112305,
243.8110046387
]
,
[
246.9869995117,
338.1390075684
]
,
[
379.9590148926,
240.5559997559
]
 [
343.6669921875,
343.7850036621
]
,
[
225.0769958496,
226.6430053711
]
,
[
343.2380065918,
343.6669921875
]
,
[
226.3699951172,
225.0769958496
]
 [
353.4609985352,
359.1950073242
]
,
[
250.9080047607,
257.8739929199
]
,
[
353.808013916,
379.3980102539
]
,
[
253.6089935303,
260.0060119629
]
 [
357.0559997559,
271.6780090332
]
,
[
267.3299865723,
356.8380126953
]
,
[
357.0629882813,
281.2179870605
]
 [
369.6600036621,
369.2959899902
]
,
[
269.1870117188,
279.3099975586
]
,
[
369.5209960938,
369.2959899902
]
,
[
271.6780090332,
281.5549926758
]
 [
338.0830078125,
328.2189941406
]
,
[
235.8200073242,
227.2339935303
]
,
[
330.1260070801,
335.6260070801
]
,
[
235.6490020752,
227.4579925537
]
,
[
328.2189941406,
337.983001709
]
,
[
234.529006958,
227.7949981689
]
,
[
332.4360046387,
338.0830078125
]
,
[
233.5130004883,
229.9720001221
]
,
[
333.2690124512,
338.0830078125
]
,
[
232.3959960938,
234.8880004883
]
,
[
329.341003418,
338.0830078125
]
,
[
229.591003418,
235.8200073242
]
